{
  "advancedEditorSelectedIdentifier" : "BehaviorsPluginID",
  "openSceneRelativePaths" : [
    "ExhibitionScene.usda"
  ],
  "recentIdentifiers" : {
    "083AB2F1-CB46-4704-BE72-6E666DAF97DB" : [

    ],
    "0CE8BA3C-4853-4621-8702-0DD0EC17E337" : [

    ],
    "25C21827-8CAC-434A-A73A-DB4DDD59CD6A" : [

    ],
    "38836A5B-8442-41EB-9990-7E923DA459B0" : [

    ],
    "8CE7BA2D-69C3-4B7F-B917-78B7D91D0030" : [

    ],
    "952BA370-8552-4192-B632-454C4CEDC6AE" : [

    ],
    "AF832E6C-F9C6-430E-8CCE-B98FB32C286B" : [

    ],
    "BDAC7E06-DB98-47E1-AE4D-092AECD4D6D7" : [

    ],
    "C6A7F375-BFE9-46E0-9EA6-1A6B150F43FD" : [

    ],
    "F391FCAE-0DB9-432A-8737-033931F626ED" : [

    ]
  },
  "sceneCameraHistory" : {
    "083AB2F1-CB46-4704-BE72-6E666DAF97DB" : [
      {
        "date" : 751066285.995901,
        "title" : "Untitled",
        "transform" : [
          -0.99859136,
          -2.3890223e-11,
          -0.05305947,
          0,
          -0.007690388,
          0.9894406,
          0.14473486,
          0,
          0.052499194,
          0.14493902,
          -0.9880468,
          0,
          2.3636532,
          1.972126,
          -40.822628,
          1
        ]
      },
      {
        "date" : 751066279.295551,
        "title" : "Untitled",
        "transform" : [
          -0.99859136,
          -2.3890223e-11,
          -0.05305947,
          0,
          -0.007690388,
          0.9894406,
          0.14473486,
          0,
          0.052499194,
          0.14493902,
          -0.9880468,
          0,
          4.348056,
          -0.45475912,
          -41.0732,
          1
        ]
      },
      {
        "date" : 751066273.677006,
        "title" : "Untitled",
        "transform" : [
          -0.99859136,
          -2.3890223e-11,
          -0.05305947,
          0,
          -0.007690388,
          0.9894406,
          0.14473486,
          0,
          0.052499194,
          0.14493902,
          -0.9880468,
          0,
          -0.38885796,
          4.733462,
          -40.56382,
          1
        ]
      },
      {
        "date" : 751066253.453664,
        "title" : "Untitled",
        "transform" : [
          -0.99859136,
          -2.3890223e-11,
          -0.05305947,
          0,
          -0.007690388,
          0.9894406,
          0.14473486,
          0,
          0.052499194,
          0.14493902,
          -0.9880468,
          0,
          0.7753533,
          5.535952,
          -40.38424,
          1
        ]
      },
      {
        "date" : 750762235.786616,
        "title" : "Untitled",
        "transform" : [
          -0.99859136,
          -2.3890223e-11,
          -0.05305947,
          0,
          -0.007690388,
          0.9894406,
          0.14473486,
          0,
          0.052499194,
          0.14493902,
          -0.9880468,
          0,
          0.50915337,
          3.6353087,
          -26.519228,
          1
        ]
      },
      {
        "date" : 750736992.526763,
        "title" : "Untitled",
        "transform" : [
          -0.99859136,
          -2.3890223e-11,
          -0.05305947,
          0,
          -0.007690388,
          0.9894406,
          0.14473486,
          0,
          0.052499194,
          0.14493902,
          -0.9880468,
          0,
          0.25056925,
          1.7890416,
          -13.050886,
          1
        ]
      },
      {
        "date" : 750736985.417972,
        "title" : "Untitled",
        "transform" : [
          0.99448186,
          -3.1006267e-10,
          -0.104908906,
          0,
          -0.03007474,
          0.9580279,
          -0.28509292,
          0,
          0.10050564,
          0.28667483,
          0.9527414,
          0,
          -1.1728051,
          1.9038153,
          -9.919991,
          1
        ]
      },
      {
        "date" : 750736898.644475,
        "title" : "Untitled",
        "transform" : [
          0.99989533,
          2.0011579e-10,
          -0.014468506,
          0,
          -0.0037310962,
          0.96617776,
          -0.25785008,
          0,
          0.013979148,
          0.25787708,
          0.9660766,
          0,
          -1.7441202,
          1.5013049,
          -10.65252,
          1
        ]
      },
      {
        "date" : 750736865.801583,
        "title" : "Untitled",
        "transform" : [
          0.99989533,
          1.9542247e-10,
          -0.014468507,
          0,
          -0.0037310964,
          0.96617776,
          -0.25785008,
          0,
          0.013979149,
          0.25787708,
          0.9660766,
          0,
          -1.7341553,
          1.5750495,
          -9.963897,
          1
        ]
      },
      {
        "date" : 750736862.766523,
        "title" : "Untitled",
        "transform" : [
          0.99989533,
          1.9542247e-10,
          -0.014468507,
          0,
          -0.0037310964,
          0.96617776,
          -0.25785008,
          0,
          0.013979149,
          0.25787708,
          0.9660766,
          0,
          -1.7441206,
          1.3912323,
          -10.652521,
          1
        ]
      }
    ],
    "09630240-AD4B-4EC8-845D-4F07EDC62F2D" : [
      {
        "date" : 750601616.106919,
        "title" : "Untitled",
        "transform" : [
          0.9997259,
          -2.4468094e-10,
          0.023413315,
          0,
          0.013990769,
          0.80182767,
          -0.59739166,
          0,
          -0.018773453,
          0.5975554,
          0.8016078,
          0,
          -0.71972203,
          1.6607347,
          2.8545306,
          1
        ]
      },
      {
        "date" : 750524622.136511,
        "title" : "Untitled",
        "transform" : [
          0.9997259,
          -2.4468094e-10,
          0.023413315,
          0,
          0.013990769,
          0.80182767,
          -0.59739166,
          0,
          -0.018773453,
          0.5975554,
          0.8016078,
          0,
          -0.28846374,
          0.6656205,
          1.1440924,
          1
        ]
      },
      {
        "date" : 750524594.571285,
        "title" : "Untitled",
        "transform" : [
          0.9695072,
          -2.424301e-10,
          -0.24506292,
          0,
          -0.14807011,
          0.79682314,
          -0.5857886,
          0,
          0.19527178,
          0.6042127,
          0.7725257,
          0,
          0.13334414,
          0.8357352,
          0.9498351,
          1
        ]
      },
      {
        "date" : 750524584.54069,
        "title" : "Untitled",
        "transform" : [
          0.9695072,
          -2.424301e-10,
          -0.24506292,
          0,
          -0.14807011,
          0.79682314,
          -0.5857886,
          0,
          0.19527178,
          0.6042127,
          0.7725257,
          0,
          0.21785457,
          1.0010194,
          1.1881523,
          1
        ]
      },
      {
        "date" : 750439581.951619,
        "title" : "Untitled",
        "transform" : [
          0.9695071,
          -2.4243008e-10,
          -0.24506289,
          0,
          -0.14807011,
          0.79682314,
          -0.5857886,
          0,
          0.19527178,
          0.6042127,
          0.7725257,
          0,
          0.50503135,
          1.5626754,
          1.9979831,
          1
        ]
      }
    ],
    "0CE8BA3C-4853-4621-8702-0DD0EC17E337" : [
      {
        "date" : 749849598.840977,
        "title" : "Untitled",
        "transform" : [
          1,
          0,
          0,
          0,
          0,
          0.7071069,
          -0.70710677,
          0,
          0,
          0.70710677,
          0.7071069,
          0,
          0,
          1.6880382,
          1.6880383,
          1
        ]
      }
    ],
    "1CC04017-8488-415F-8D7C-7FDB84CDA7AF" : [
      {
        "date" : 750759112.247944,
        "title" : "Untitled",
        "transform" : [
          1,
          0,
          0,
          0,
          0,
          0.7071069,
          -0.70710677,
          0,
          0,
          0.70710677,
          0.7071069,
          0,
          0,
          11.513735,
          11.513738,
          1
        ]
      },
      {
        "date" : 750759111.172632,
        "title" : "Untitled",
        "transform" : [
          1,
          0,
          0,
          0,
          0,
          0.7071069,
          -0.70710677,
          0,
          0,
          0.70710677,
          0.7071069,
          0,
          0,
          16.84726,
          16.847261,
          1
        ]
      }
    ],
    "22DAE987-03B1-4693-872D-E506BFEAF784" : [
      {
        "date" : 749649342.217547,
        "title" : "Untitled",
        "transform" : [
          0.86357796,
          -6.707294e-06,
          -0.5042153,
          0,
          -0.26973718,
          0.8448685,
          -0.4619946,
          0,
          0.42599878,
          0.53497404,
          0.72960806,
          0,
          3.768814,
          2.7051003,
          4.327731,
          1
        ]
      },
      {
        "date" : 749649338.832948,
        "title" : "Untitled",
        "transform" : [
          0.4257163,
          -5.624571e-09,
          -0.9048567,
          0,
          -0.26113713,
          0.95745134,
          -0.12285959,
          0,
          0.8663562,
          0.288595,
          0.40760264,
          0,
          3.768814,
          2.7051003,
          4.327731,
          1
        ]
      }
    ],
    "23F3AADE-4289-4CE4-987B-83E4DC8D461C" : [
      {
        "date" : 750640830.794724,
        "title" : "Untitled",
        "transform" : [
          0.95418686,
          6.57748e-09,
          0.29921138,
          0,
          0.07284068,
          0.9699155,
          -0.23228939,
          0,
          -0.29020977,
          0.24344224,
          0.92548066,
          0,
          -0.75056946,
          0.6296147,
          2.3935704,
          1
        ]
      }
    ],
    "25C21827-8CAC-434A-A73A-DB4DDD59CD6A" : [
      {
        "date" : 749720959.658777,
        "title" : "Untitled",
        "transform" : [
          0.1863243,
          1.87541e-08,
          -0.9824883,
          0,
          -0.94370157,
          0.27820426,
          -0.17896858,
          0,
          0.27333245,
          0.96052194,
          0.05183625,
          0,
          12.257233,
          22.690525,
          5.412553,
          1
        ]
      },
      {
        "date" : 749720955.808151,
        "title" : "Untitled",
        "transform" : [
          0.1863243,
          1.87541e-08,
          -0.9824883,
          0,
          -0.94370157,
          0.27820426,
          -0.17896858,
          0,
          0.27333245,
          0.96052194,
          0.05183625,
          0,
          11.475814,
          37.60498,
          2.1626215,
          1
        ]
      },
      {
        "date" : 749720953.802169,
        "title" : "Untitled",
        "transform" : [
          0.18632431,
          -4.043948e-09,
          -0.98248833,
          0,
          -0.9437015,
          0.2782042,
          -0.17896858,
          0,
          0.2733324,
          0.96052194,
          0.051836215,
          0,
          16.337967,
          27.426859,
          -1.5410488,
          1
        ]
      },
      {
        "date" : 749032546.18032,
        "title" : "Untitled",
        "transform" : [
          0.18632431,
          -4.043948e-09,
          -0.98248833,
          0,
          -0.9437015,
          0.2782042,
          -0.17896858,
          0,
          0.2733324,
          0.96052194,
          0.051836215,
          0,
          706.8467,
          1666.6237,
          96.65162,
          1
        ]
      },
      {
        "date" : 748957630.851171,
        "title" : "Untitled",
        "transform" : [
          0.18632431,
          -4.043948e-09,
          -0.98248833,
          0,
          -0.9437015,
          0.2782042,
          -0.17896858,
          0,
          0.2733324,
          0.96052194,
          0.051836215,
          0,
          679.3482,
          1677.0054,
          61.10794,
          1
        ]
      },
      {
        "date" : 748801462.619812,
        "title" : "Untitled",
        "transform" : [
          0.18632431,
          -4.043948e-09,
          -0.98248833,
          0,
          -0.9437015,
          0.2782042,
          -0.17896858,
          0,
          0.2733324,
          0.96052194,
          0.051836215,
          0,
          583.93445,
          1713.6549,
          1.1432303,
          1
        ]
      },
      {
        "date" : 748801460.55811,
        "title" : "Untitled",
        "transform" : [
          0.18632431,
          -4.043948e-09,
          -0.98248833,
          0,
          -0.9437015,
          0.2782042,
          -0.17896858,
          0,
          0.2733324,
          0.96052194,
          0.051836215,
          0,
          713.1472,
          1829.2534,
          -10.329366,
          1
        ]
      },
      {
        "date" : 748801437.652759,
        "title" : "Untitled",
        "transform" : [
          0.18632431,
          -4.043948e-09,
          -0.98248833,
          0,
          -0.9437015,
          0.2782042,
          -0.17896858,
          0,
          0.2733324,
          0.96052194,
          0.051836215,
          0,
          713.14264,
          1829.2373,
          -10.330229,
          1
        ]
      },
      {
        "date" : 748801416.268664,
        "title" : "Untitled",
        "transform" : [
          0.18632431,
          -4.043948e-09,
          -0.98248833,
          0,
          -0.9437015,
          0.2782042,
          -0.17896858,
          0,
          0.2733324,
          0.96052194,
          0.051836215,
          0,
          713.1443,
          1829.2373,
          -10.33931,
          1
        ]
      },
      {
        "date" : 748801414.035645,
        "title" : "Untitled",
        "transform" : [
          0.18632431,
          -4.043948e-09,
          -0.98248833,
          0,
          -0.9437015,
          0.2782042,
          -0.17896858,
          0,
          0.2733324,
          0.96052194,
          0.051836215,
          0,
          1182.6099,
          1681.8839,
          244.622,
          1
        ]
      }
    ],
    "34BE46A8-FA8D-49E4-B2CF-3CB1E6B3FAB5" : [
      {
        "date" : 749848737.497701,
        "title" : "Untitled",
        "transform" : [
          0.9754986,
          1.1756086e-07,
          0.22000527,
          0,
          0.10304273,
          0.8835349,
          -0.4568897,
          0,
          -0.1943824,
          0.46836525,
          0.86188716,
          0,
          -0.2788097,
          1.8441854,
          -0.60439086,
          1
        ]
      },
      {
        "date" : 749848691.090553,
        "title" : "Untitled",
        "transform" : [
          0.9754986,
          1.2273041e-07,
          0.22000529,
          0,
          0.10304274,
          0.8835349,
          -0.45688972,
          0,
          -0.19438241,
          0.46836525,
          0.8618871,
          0,
          -0.6256575,
          2.8220387,
          0.0852655,
          1
        ]
      },
      {
        "date" : 749847232.934991,
        "title" : "Untitled",
        "transform" : [
          0.83364016,
          1.6833391e-09,
          0.55230796,
          0,
          0.06399636,
          0.9932643,
          -0.09659455,
          0,
          -0.54858786,
          0.115870774,
          0.828025,
          0,
          -1.0521039,
          1.1158614,
          0.6775878,
          1
        ]
      },
      {
        "date" : 749847229.323928,
        "title" : "Untitled",
        "transform" : [
          0.83364016,
          1.6833391e-09,
          0.55230796,
          0,
          0.06399636,
          0.9932643,
          -0.09659455,
          0,
          -0.54858786,
          0.115870774,
          0.828025,
          0,
          -0.8484399,
          1.1401944,
          1.0627282,
          1
        ]
      },
      {
        "date" : 749847005.603105,
        "title" : "Untitled",
        "transform" : [
          0.83364016,
          1.6833391e-09,
          0.55230796,
          0,
          0.06399636,
          0.9932643,
          -0.09659455,
          0,
          -0.54858786,
          0.115870774,
          0.828025,
          0,
          -1.4769176,
          0.17030856,
          2.1211286,
          1
        ]
      },
      {
        "date" : 749846892.637581,
        "title" : "Untitled",
        "transform" : [
          0.83364016,
          1.6833391e-09,
          0.55230796,
          0,
          0.06399636,
          0.9932643,
          -0.09659455,
          0,
          -0.54858786,
          0.115870774,
          0.828025,
          0,
          -1.4188129,
          0.29967675,
          2.141521,
          1
        ]
      },
      {
        "date" : 749846883.624062,
        "title" : "Untitled",
        "transform" : [
          0.9959135,
          1.900327e-09,
          0.0903119,
          0,
          0.011183243,
          0.9923036,
          -0.12332313,
          0,
          -0.08961683,
          0.12382913,
          0.9882486,
          0,
          -0.231776,
          0.32025942,
          2.5559072,
          1
        ]
      }
    ],
    "38836A5B-8442-41EB-9990-7E923DA459B0" : [
      {
        "date" : 750695733.977229,
        "title" : "Untitled",
        "transform" : [
          0.63811094,
          -2.3117153e-10,
          0.76994425,
          0,
          -0.012104461,
          0.9998764,
          0.010031932,
          0,
          -0.76984906,
          -0.015721254,
          0.63803214,
          0,
          -3.9116273,
          0.94797957,
          -10.970105,
          1
        ]
      },
      {
        "date" : 750695715.8525,
        "title" : "Untitled",
        "transform" : [
          0.99027973,
          -6.408367e-09,
          0.13908958,
          0,
          0.084385775,
          0.7949303,
          -0.6008036,
          0,
          -0.1105665,
          0.6067008,
          0.7872034,
          0,
          -1.1921375,
          3.7413177,
          -9.872027,
          1
        ]
      },
      {
        "date" : 750695705.789231,
        "title" : "Untitled",
        "transform" : [
          0.36128333,
          -2.5601526e-10,
          0.9324561,
          0,
          0.009796843,
          0.9999448,
          -0.0037958205,
          0,
          -0.9324046,
          0.010506492,
          0.3612634,
          0,
          -4.5714755,
          0.7252053,
          -13.008511,
          1
        ]
      },
      {
        "date" : 750695452.420641,
        "title" : "Untitled",
        "transform" : [
          -0.5142963,
          -1.0725671e-07,
          0.8576126,
          0,
          0.5058885,
          0.8074909,
          0.30337325,
          0,
          -0.69251436,
          0.58988005,
          -0.41528955,
          0,
          -3.9472477,
          2.6577966,
          -11.669114,
          1
        ]
      },
      {
        "date" : 750695420.810612,
        "title" : "Untitled",
        "transform" : [
          -0.5142963,
          -1.0725671e-07,
          0.8576126,
          0,
          0.5058885,
          0.8074909,
          0.30337325,
          0,
          -0.69251436,
          0.58988005,
          -0.41528955,
          0,
          -4.334361,
          2.7795768,
          -14.64735,
          1
        ]
      },
      {
        "date" : 750695404.844582,
        "title" : "Untitled",
        "transform" : [
          0.9695059,
          -1.7605385e-05,
          -0.24506745,
          0,
          -0.10611863,
          0.9013551,
          -0.41987836,
          0,
          0.22090022,
          0.4330808,
          0.8738673,
          0,
          0.64861375,
          1.2673169,
          -12.790615,
          1
        ]
      },
      {
        "date" : 750695388.292169,
        "title" : "Untitled",
        "transform" : [
          0.9517612,
          -1.7605485e-05,
          -0.30683962,
          0,
          -0.16805312,
          0.83665115,
          -0.52131855,
          0,
          0.25672698,
          0.5477361,
          0.79628927,
          0,
          1.2406228,
          2.6422243,
          -11.506577,
          1
        ]
      },
      {
        "date" : 750695379.777652,
        "title" : "Untitled",
        "transform" : [
          0.99682826,
          -1.7604869e-05,
          0.079584084,
          0,
          0.052734237,
          0.74909943,
          -0.6603553,
          0,
          -0.059604716,
          0.6624575,
          0.7467244,
          0,
          -0.2487992,
          2.7895632,
          -12.203395,
          1
        ]
      },
      {
        "date" : 750695343.699283,
        "title" : "Untitled",
        "transform" : [
          0.9879996,
          -1.76055e-05,
          -0.15445657,
          0,
          -0.056217957,
          0.93136865,
          -0.35971102,
          0,
          0.1438624,
          0.36407745,
          0.9201909,
          0,
          0.6079903,
          1.5330998,
          -11.4729395,
          1
        ]
      },
      {
        "date" : 750695333.737448,
        "title" : "Untitled",
        "transform" : [
          0.30122468,
          -1.7605522e-05,
          -0.9535532,
          0,
          -0.35945207,
          0.92622715,
          -0.11356696,
          0,
          0.8832089,
          0.37696585,
          0.27899614,
          0,
          1.8968642,
          1.5590305,
          -12.994126,
          1
        ]
      }
    ],
    "62A848CE-9866-456F-B189-5A6821140DD7" : [
      {
        "date" : 749649821.522583,
        "title" : "Untitled",
        "transform" : [
          0.72973967,
          3.8389764e-08,
          -0.68372506,
          0,
          -0.60612506,
          0.46272075,
          -0.64691716,
          0,
          0.31637377,
          0.88650405,
          0.33766574,
          0,
          0.10180951,
          5.1481004,
          3.6883667,
          1
        ]
      },
      {
        "date" : 749649810.828625,
        "title" : "Untitled",
        "transform" : [
          1,
          0,
          0,
          0,
          0,
          0.7071069,
          -0.70710677,
          0,
          0,
          0.70710677,
          0.7071069,
          0,
          0.10180951,
          7.0956373,
          5.6359086,
          1
        ]
      },
      {
        "date" : 749649380.584557,
        "title" : "Untitled",
        "transform" : [
          1,
          0,
          0,
          0,
          0,
          0.7071069,
          -0.70710677,
          0,
          0,
          0.70710677,
          0.7071069,
          0,
          -0.0059282496,
          1.5221075,
          1.607106,
          1
        ]
      }
    ],
    "79EF2CDC-A7AA-458F-8568-8F446AC082AA" : [
      {
        "date" : 750601612.514903,
        "title" : "Untitled",
        "transform" : [
          0.99999017,
          -1.0567458e-10,
          0.0044346172,
          0,
          0.0005130074,
          0.9932863,
          -0.11568121,
          0,
          -0.0044048447,
          0.1156824,
          0.99327654,
          0,
          0.004124475,
          0.116365254,
          0.8515315,
          1
        ]
      },
      {
        "date" : 750439978.606669,
        "title" : "Untitled",
        "transform" : [
          0.99999017,
          -1.0567458e-10,
          0.0044346172,
          0,
          0.0005130074,
          0.9932863,
          -0.11568121,
          0,
          -0.0044048447,
          0.1156824,
          0.99327654,
          0,
          0.011832278,
          0.33382818,
          2.4428701,
          1
        ]
      }
    ],
    "8CE7BA2D-69C3-4B7F-B917-78B7D91D0030" : [
      {
        "date" : 749720056.685427,
        "title" : "Untitled",
        "transform" : [
          0.11364189,
          3.0013148e-08,
          -0.99352175,
          0,
          -0.31071818,
          0.9498373,
          -0.035540823,
          0,
          0.94368404,
          0.3127442,
          0.10794135,
          0,
          7.8960557,
          4.933013,
          0.8474011,
          1
        ]
      },
      {
        "date" : 749720024.116974,
        "title" : "Untitled",
        "transform" : [
          0.11364189,
          3.0013148e-08,
          -0.99352175,
          0,
          -0.31071818,
          0.9498373,
          -0.035540823,
          0,
          0.94368404,
          0.3127442,
          0.10794135,
          0,
          3.3528585,
          2.0946782,
          0.35982725,
          1
        ]
      },
      {
        "date" : 749649022.808943,
        "title" : "Untitled",
        "transform" : [
          0.11364189,
          3.0013148e-08,
          -0.99352175,
          0,
          -0.31071818,
          0.9498373,
          -0.035540823,
          0,
          0.94368404,
          0.3127442,
          0.10794135,
          0,
          10.24169,
          5.827625,
          1.1128788,
          1
        ]
      },
      {
        "date" : 749644066.338052,
        "title" : "Untitled",
        "transform" : [
          0.11364189,
          3.0013148e-08,
          -0.99352175,
          0,
          -0.31071818,
          0.9498373,
          -0.035540823,
          0,
          0.94368404,
          0.3127442,
          0.10794135,
          0,
          2.6150126,
          1.4879688,
          0.2841516,
          1
        ]
      },
      {
        "date" : 749032709.019997,
        "title" : "Untitled",
        "transform" : [
          0.113641836,
          -8.112413e-09,
          -0.99352175,
          0,
          -0.31071818,
          0.9498374,
          -0.035540726,
          0,
          0.94368416,
          0.3127442,
          0.10794143,
          0,
          2.7706718,
          1.6777334,
          0.35460863,
          1
        ]
      },
      {
        "date" : 749032674.118008,
        "title" : "Untitled",
        "transform" : [
          0.113641836,
          -8.112413e-09,
          -0.99352175,
          0,
          -0.31071818,
          0.9498374,
          -0.035540726,
          0,
          0.94368416,
          0.3127442,
          0.10794143,
          0,
          7.1127453,
          3.9655352,
          0.21059918,
          1
        ]
      },
      {
        "date" : 749032664.566697,
        "title" : "Untitled",
        "transform" : [
          0.113641836,
          -8.112413e-09,
          -0.99352175,
          0,
          -0.31071818,
          0.9498374,
          -0.035540726,
          0,
          0.94368416,
          0.3127442,
          0.10794143,
          0,
          6.703921,
          4.8045588,
          1.3538296,
          1
        ]
      },
      {
        "date" : 749032654.217888,
        "title" : "Untitled",
        "transform" : [
          0.5489833,
          -7.2846467e-09,
          0.8358333,
          0,
          -0.31715485,
          0.9252133,
          0.20831023,
          0,
          -0.77332413,
          -0.37944743,
          0.50792664,
          0,
          -7.62155,
          -0.38898122,
          7.627012,
          1
        ]
      },
      {
        "date" : 749032616.191671,
        "title" : "Untitled",
        "transform" : [
          0.5489833,
          -7.2846467e-09,
          0.8358333,
          0,
          -0.31715485,
          0.9252133,
          0.20831023,
          0,
          -0.77332413,
          -0.37944743,
          0.50792664,
          0,
          -8.034587,
          -0.48278368,
          6.92808,
          1
        ]
      },
      {
        "date" : 749032582.833474,
        "title" : "Untitled",
        "transform" : [
          0.54898334,
          -7.2846476e-09,
          0.83583343,
          0,
          -0.31715485,
          0.9252133,
          0.20831023,
          0,
          -0.77332413,
          -0.37944743,
          0.50792664,
          0,
          -8.604846,
          -1.5733074,
          5.245175,
          1
        ]
      }
    ],
    "952BA370-8552-4192-B632-454C4CEDC6AE" : [
      {
        "date" : 750375688.982368,
        "title" : "Untitled",
        "transform" : [
          0.7419414,
          0.00025300868,
          -0.67046475,
          0,
          -0.45850348,
          0.72980547,
          -0.50710803,
          0,
          0.4891805,
          0.6836548,
          0.5415889,
          0,
          0.59527737,
          0.7177489,
          0.5633932,
          1
        ]
      },
      {
        "date" : 750006966.065732,
        "title" : "Untitled",
        "transform" : [
          0.7419414,
          0.00025300868,
          -0.67046475,
          0,
          -0.45850348,
          0.72980547,
          -0.50710803,
          0,
          0.4891805,
          0.6836548,
          0.5415889,
          0,
          0.28592962,
          0.3447564,
          0.27061468,
          1
        ]
      },
      {
        "date" : 750006963.986499,
        "title" : "Untitled",
        "transform" : [
          0.7419414,
          0.00025300868,
          -0.67046475,
          0,
          -0.45850348,
          0.72980547,
          -0.50710803,
          0,
          0.48918056,
          0.68365484,
          0.54158896,
          0,
          0.24839915,
          0.4058301,
          0.22741947,
          1
        ]
      },
      {
        "date" : 750006949.628806,
        "title" : "Untitled",
        "transform" : [
          0.92229766,
          0.00025300824,
          -0.3864803,
          0,
          -0.094357625,
          0.9698857,
          -0.22454037,
          0,
          0.37478483,
          0.24356036,
          0.8945472,
          0,
          2.4659753,
          2.574586,
          1.6542501,
          1
        ]
      },
      {
        "date" : 750006943.474408,
        "title" : "Untitled",
        "transform" : [
          0.92229766,
          0.00025300824,
          -0.3864803,
          0,
          -0.094357625,
          0.9698857,
          -0.22454037,
          0,
          0.37478483,
          0.24356036,
          0.8945472,
          0,
          1.5562508,
          1.7972021,
          2.2470531,
          1
        ]
      },
      {
        "date" : 749996559.483354,
        "title" : "Untitled",
        "transform" : [
          0.92229766,
          0.00025300824,
          -0.3864803,
          0,
          -0.094357625,
          0.9698857,
          -0.22454037,
          0,
          0.37478483,
          0.24356036,
          0.8945472,
          0,
          1.5878272,
          1.651124,
          2.2735949,
          1
        ]
      },
      {
        "date" : 749996394.38237,
        "title" : "Untitled",
        "transform" : [
          0.9956661,
          0.0002530051,
          -0.0929998,
          0,
          -0.06993534,
          0.6612071,
          -0.74693656,
          0,
          0.06130315,
          0.7502034,
          0.65835917,
          0,
          0.7180822,
          2.7909286,
          1.0842258,
          1
        ]
      },
      {
        "date" : 749996374.221199,
        "title" : "Untitled",
        "transform" : [
          0.9956661,
          0.0002530051,
          -0.0929998,
          0,
          -0.06993534,
          0.6612071,
          -0.74693656,
          0,
          0.06130315,
          0.7502034,
          0.65835917,
          0,
          0.35756826,
          2.2782345,
          1.7020127,
          1
        ]
      },
      {
        "date" : 749996358.359172,
        "title" : "Untitled",
        "transform" : [
          0.9956661,
          0.0002530051,
          -0.0929998,
          0,
          -0.06993534,
          0.6612071,
          -0.74693656,
          0,
          0.06130315,
          0.7502034,
          0.65835917,
          0,
          0.047075808,
          3.874494,
          3.460282,
          1
        ]
      },
      {
        "date" : 749940853.107414,
        "title" : "Untitled",
        "transform" : [
          0.9956661,
          0.0002530051,
          -0.0929998,
          0,
          -0.06993534,
          0.6612071,
          -0.74693656,
          0,
          0.06130315,
          0.7502034,
          0.65835917,
          0,
          -0.51298726,
          3.7668447,
          3.6350992,
          1
        ]
      }
    ],
    "AF832E6C-F9C6-430E-8CCE-B98FB32C286B" : [
      {
        "date" : 749848807.315519,
        "title" : "Untitled",
        "transform" : [
          0.99358267,
          2.6825075e-10,
          0.11310881,
          0,
          0.037404682,
          0.94373715,
          -0.32857427,
          0,
          -0.10674498,
          0.3306965,
          0.93768084,
          0,
          0.011776753,
          0.09849024,
          0.0060288906,
          1
        ]
      },
      {
        "date" : 749848801.469314,
        "title" : "Untitled",
        "transform" : [
          0.99358267,
          2.6825075e-10,
          0.11310881,
          0,
          0.037404682,
          0.94373715,
          -0.32857427,
          0,
          -0.10674498,
          0.3306965,
          0.93768084,
          0,
          0.027829831,
          -0.6012676,
          9.78614,
          1
        ]
      },
      {
        "date" : 749848797.790819,
        "title" : "Untitled",
        "transform" : [
          0.99358267,
          2.6825075e-10,
          0.11310881,
          0,
          0.037404682,
          0.94373715,
          -0.32857427,
          0,
          -0.10674498,
          0.3306965,
          0.93768084,
          0,
          -0.059024457,
          0.10631857,
          1.8377836,
          1
        ]
      },
      {
        "date" : 749848783.954906,
        "title" : "Untitled",
        "transform" : [
          0.99358267,
          2.6825075e-10,
          0.11310881,
          0,
          0.037404682,
          0.94373715,
          -0.32857427,
          0,
          -0.10674498,
          0.3306965,
          0.93768084,
          0,
          -0.29238734,
          0.829278,
          3.8877137,
          1
        ]
      },
      {
        "date" : 749848713.019523,
        "title" : "Untitled",
        "transform" : [
          0.99358267,
          2.6825075e-10,
          0.11310881,
          0,
          0.037404686,
          0.94373727,
          -0.3285743,
          0,
          -0.106745,
          0.33069652,
          0.93768096,
          0,
          -0.27607453,
          0.8552805,
          2.4251242,
          1
        ]
      }
    ],
    "B03EE836-3C7A-4DE1-B3E5-33C9D47365D8" : [
      {
        "date" : 750439566.035222,
        "title" : "Untitled",
        "transform" : [
          0.99917203,
          -7.2887074e-10,
          0.040686738,
          0,
          0.011012524,
          0.96267325,
          -0.27044204,
          0,
          -0.039168034,
          0.2706662,
          0.9618762,
          0,
          -0.006465465,
          0.089359,
          0.15531567,
          1
        ]
      },
      {
        "date" : 750439564.236549,
        "title" : "Untitled",
        "transform" : [
          0.9991423,
          -7.8668305e-10,
          0.041409507,
          0,
          0.003311226,
          0.9967978,
          -0.07989433,
          0,
          -0.04127691,
          0.079962924,
          0.9959429,
          0,
          -0.0071663857,
          0.010850906,
          0.16526794,
          1
        ]
      },
      {
        "date" : 750439560.670687,
        "title" : "Untitled",
        "transform" : [
          0.9991422,
          -6.241311e-10,
          0.041409504,
          0,
          0.0033112254,
          0.9967978,
          -0.079894334,
          0,
          -0.041276902,
          0.07996288,
          0.99594283,
          0,
          -1.3426452,
          2.6010146,
          32.39579,
          1
        ]
      },
      {
        "date" : 750439558.438785,
        "title" : "Untitled",
        "transform" : [
          0.9991422,
          -6.241311e-10,
          0.041409504,
          0,
          0.0033112254,
          0.9967978,
          -0.079894334,
          0,
          -0.041276902,
          0.07996288,
          0.99594283,
          0,
          -2.216681,
          4.2942243,
          53.484818,
          1
        ]
      }
    ],
    "BDAC7E06-DB98-47E1-AE4D-092AECD4D6D7" : [
      {
        "date" : 750289004.233828,
        "title" : "Untitled",
        "transform" : [
          0.6493568,
          -2.8534834e-07,
          0.76048386,
          0,
          0.48209167,
          0.7733926,
          -0.41164482,
          0,
          -0.5881526,
          0.6339271,
          0.5022081,
          0,
          -2.2773852,
          3.185123,
          1.8953638,
          1
        ]
      },
      {
        "date" : 750288465.487039,
        "title" : "Untitled",
        "transform" : [
          0.6493568,
          -2.8534834e-07,
          0.76048386,
          0,
          0.48209167,
          0.7733926,
          -0.41164482,
          0,
          -0.5881526,
          0.6339271,
          0.5022081,
          0,
          -1.1191217,
          1.3250928,
          0.6395015,
          1
        ]
      },
      {
        "date" : 750288204.738207,
        "title" : "Untitled",
        "transform" : [
          0.8705116,
          -2.879426e-07,
          0.49214795,
          0,
          0.12098699,
          0.96931195,
          -0.21400115,
          0,
          -0.4770448,
          0.24583367,
          0.84379745,
          0,
          -0.98340005,
          0.68705523,
          1.2580428,
          1
        ]
      },
      {
        "date" : 750288195.671311,
        "title" : "Untitled",
        "transform" : [
          -0.6449721,
          -3.2846216e-07,
          -0.7642059,
          0,
          0.47537512,
          0.78297645,
          -0.401206,
          0,
          0.5983553,
          -0.6220514,
          -0.5049978,
          0,
          3.7767286,
          -3.361158,
          -4.3962183,
          1
        ]
      },
      {
        "date" : 750288031.496457,
        "title" : "Untitled",
        "transform" : [
          -0.8398924,
          -3.1353275e-07,
          -0.5427528,
          0,
          -0.22948782,
          0.906213,
          0.35512438,
          0,
          0.49184963,
          0.4228212,
          -0.76112163,
          0,
          2.2867537,
          3.672452,
          -5.242076,
          1
        ]
      },
      {
        "date" : 750287997.28073,
        "title" : "Untitled",
        "transform" : [
          -0.9493699,
          -3.1559347e-07,
          -0.31416056,
          0,
          -0.2634401,
          0.544822,
          0.79609567,
          0,
          0.17116147,
          0.8385515,
          -0.51723796,
          0,
          -0.30353376,
          3.9645946,
          -3.5058274,
          1
        ]
      },
      {
        "date" : 750287984.050126,
        "title" : "Untitled",
        "transform" : [
          -0.9493699,
          -3.1559347e-07,
          -0.31416056,
          0,
          -0.2634401,
          0.544822,
          0.79609567,
          0,
          0.17116147,
          0.8385515,
          -0.51723796,
          0,
          -0.29888502,
          2.0374386,
          -1.925715,
          1
        ]
      },
      {
        "date" : 750287968.246509,
        "title" : "Untitled",
        "transform" : [
          -0.9641269,
